bytes              sq-gpu-bw  sq-cpu-bw sq-gpu-lat  sq-cpu-lat     cpe-gpu-bw  cpe-cpu-bw cpe-gpu-lat cpe-cpu-lat
1                       0.12       1.53       9.76        2.29          0.12        1.41        9.81       2.34
2                       0.24       3.07       9.83        2.30          0.24        2.76        9.80       2.31
4                       0.48       6.17       9.78        2.30          0.47        5.68        9.78       2.29
8                       0.94      12.32       9.76        2.35          0.95       10.89        9.85       2.30
16                      1.85      23.83      10.00        2.30          1.77       22.54       10.04       2.30
32                      3.70      49.12      10.00        2.29          3.65       45.43       10.05       2.31
64                      7.38      98.03      10.35        2.33          7.30       91.26       10.29       2.31
128                    14.60     195.29      10.98        2.88         13.97      180.29       11.11       2.84
256                   407.72     511.63       3.39        2.80        222.24      443.33        3.43       2.75
512                   715.40    1005.27       3.41        2.81        722.84      850.52        3.44       2.79
1024                 1404.81    1948.50       3.47        2.88       1482.98     1765.31        3.48       2.87
2048                 2754.31    3920.16       3.63        3.04       2732.25     3527.47        3.62       3.08
4096                 5665.42    8038.99       3.76        3.15       5455.91     6743.03        3.76       3.16
8192                12740.38   13640.31       4.12        3.53      10572.61    13631.72        4.11       3.54
16384               17142.68   20568.00       4.69        4.13      17754.89    19864.87        4.71       4.16
32768               20190.26   21344.56       8.59        7.46      20184.31    21034.31        8.61       7.46
65536               22092.41   22446.68      10.01        8.83      21878.85    22369.35        9.94       8.83
131072              22801.34   23296.30      12.62       11.60      22540.99    23070.60       12.63      11.63
262144              23298.99   23659.56      18.06       17.02      23266.16    23604.43       18.12      16.99
524288              23434.86   23839.88      28.97       27.91      23492.28    23761.13       28.89      27.85
1048576             23711.64   23912.90      50.74       49.60      23703.27    23897.08       50.72      49.62
2097152             23656.11   23943.13      94.41       93.33      23728.24    23777.55       94.42      93.09
4194304             23788.55   23972.85     181.76      180.30      23783.11    23700.78      181.84     180.08
